-1	0.0	0.0
-1	0.375	0.07169085728900676
-1	0.75	0.1661684982150936
-1	1.125	0.2380344226344267
-1	1.5	0.2884902283627999
-1	1.875	0.32333099840106044
-1	2.25	0.34730168844883325
-1	2.625	0.36378032095624435
-1	3.0	0.3751064964063001
-1	3.375	0.38289094553533104
-1	3.75	0.3882411277914088
-1	4.125	0.39191825281624265
-1	4.5	0.39444550174779786
-1	4.875	0.3961824528931646
-1	5.25	0.39737624080080725
-1	5.625	0.3981967184320532
-1	6.0	0.3987606239116762
-1	6.375	0.3991481901021002
-1	6.75	0.39941456018960464
-1	7.125	0.39959763349493777
-1	7.5	0.39972345781492613
-1	7.875	0.3998099355210653
-1	8.25	0.3998693707213492
-1	8.625	0.3999102198972871
-1	9.0	0.3999382950979567
-1	9.375	0.3999575908823768
-1	9.75	0.3999708526681346
-1	10.125	0.39997996735130353
-1	10.5	0.39998623177532516
-1	10.875	0.399990537246793
-1	11.25	0.399993496351173
-1	11.625	0.39999553011188815
-1	12.0	0.39999692789382335
-1	12.375	0.39999788857436147
-1	12.75	0.3999985488397957
-1	13.125	0.3999990026331498
-1	13.5	0.39999931452045684
-1	13.875	0.39999952887725915
-1	14.25	0.39999967620239124
-1	14.625	0.399999777457375
-1	15.0	0.3999998470488398
